{
 "cells": [
  {
   "cell_type": "code",
   "execution_count": 2,
   "metadata": {},
   "outputs": [
    {
     "data": {
      "text/html": [
       "<div>\n",
       "<style scoped>\n",
       "    .dataframe tbody tr th:only-of-type {\n",
       "        vertical-align: middle;\n",
       "    }\n",
       "\n",
       "    .dataframe tbody tr th {\n",
       "        vertical-align: top;\n",
       "    }\n",
       "\n",
       "    .dataframe thead th {\n",
       "        text-align: right;\n",
       "    }\n",
       "</style>\n",
       "<table border=\"1\" class=\"dataframe\">\n",
       "  <thead>\n",
       "    <tr style=\"text-align: right;\">\n",
       "      <th></th>\n",
       "      <th>Open</th>\n",
       "      <th>High</th>\n",
       "      <th>Low</th>\n",
       "      <th>Close</th>\n",
       "      <th>Volume</th>\n",
       "      <th>NASDAQ</th>\n",
       "      <th>S&amp;P500</th>\n",
       "    </tr>\n",
       "  </thead>\n",
       "  <tbody>\n",
       "    <tr>\n",
       "      <th>Open</th>\n",
       "      <td>1.000000</td>\n",
       "      <td>0.999957</td>\n",
       "      <td>0.999943</td>\n",
       "      <td>0.998970</td>\n",
       "      <td>-0.108931</td>\n",
       "      <td>0.907777</td>\n",
       "      <td>0.848136</td>\n",
       "    </tr>\n",
       "    <tr>\n",
       "      <th>High</th>\n",
       "      <td>0.999957</td>\n",
       "      <td>1.000000</td>\n",
       "      <td>0.999931</td>\n",
       "      <td>0.999030</td>\n",
       "      <td>-0.107860</td>\n",
       "      <td>0.907910</td>\n",
       "      <td>0.848285</td>\n",
       "    </tr>\n",
       "    <tr>\n",
       "      <th>Low</th>\n",
       "      <td>0.999943</td>\n",
       "      <td>0.999931</td>\n",
       "      <td>1.000000</td>\n",
       "      <td>0.999056</td>\n",
       "      <td>-0.110792</td>\n",
       "      <td>0.907806</td>\n",
       "      <td>0.848052</td>\n",
       "    </tr>\n",
       "    <tr>\n",
       "      <th>Close</th>\n",
       "      <td>0.998970</td>\n",
       "      <td>0.999030</td>\n",
       "      <td>0.999056</td>\n",
       "      <td>1.000000</td>\n",
       "      <td>-0.119819</td>\n",
       "      <td>0.908049</td>\n",
       "      <td>0.845113</td>\n",
       "    </tr>\n",
       "    <tr>\n",
       "      <th>Volume</th>\n",
       "      <td>-0.108931</td>\n",
       "      <td>-0.107860</td>\n",
       "      <td>-0.110792</td>\n",
       "      <td>-0.119819</td>\n",
       "      <td>1.000000</td>\n",
       "      <td>0.054133</td>\n",
       "      <td>0.154120</td>\n",
       "    </tr>\n",
       "    <tr>\n",
       "      <th>NASDAQ</th>\n",
       "      <td>0.907777</td>\n",
       "      <td>0.907910</td>\n",
       "      <td>0.907806</td>\n",
       "      <td>0.908049</td>\n",
       "      <td>0.054133</td>\n",
       "      <td>1.000000</td>\n",
       "      <td>0.978701</td>\n",
       "    </tr>\n",
       "    <tr>\n",
       "      <th>S&amp;P500</th>\n",
       "      <td>0.848136</td>\n",
       "      <td>0.848285</td>\n",
       "      <td>0.848052</td>\n",
       "      <td>0.845113</td>\n",
       "      <td>0.154120</td>\n",
       "      <td>0.978701</td>\n",
       "      <td>1.000000</td>\n",
       "    </tr>\n",
       "  </tbody>\n",
       "</table>\n",
       "</div>"
      ],
      "text/plain": [
       "            Open      High       Low     Close    Volume    NASDAQ    S&P500\n",
       "Open    1.000000  0.999957  0.999943  0.998970 -0.108931  0.907777  0.848136\n",
       "High    0.999957  1.000000  0.999931  0.999030 -0.107860  0.907910  0.848285\n",
       "Low     0.999943  0.999931  1.000000  0.999056 -0.110792  0.907806  0.848052\n",
       "Close   0.998970  0.999030  0.999056  1.000000 -0.119819  0.908049  0.845113\n",
       "Volume -0.108931 -0.107860 -0.110792 -0.119819  1.000000  0.054133  0.154120\n",
       "NASDAQ  0.907777  0.907910  0.907806  0.908049  0.054133  1.000000  0.978701\n",
       "S&P500  0.848136  0.848285  0.848052  0.845113  0.154120  0.978701  1.000000"
      ]
     },
     "execution_count": 2,
     "metadata": {},
     "output_type": "execute_result"
    }
   ],
   "source": [
    "import pandas as pd\n",
    "df1=pd.read_csv('AAPL.csv',index_col='Date',parse_dates=True)\n",
    "df1=df1.drop(columns='Close')\n",
    "df1.rename(columns={'Adj Close':'Close'},inplace=True)\n",
    "df0=pd.read_csv('NASDAQ.csv',usecols=['Adj Close','Date'],index_col=['Date'],parse_dates=True)\n",
    "df0.columns=['NASDAQ']\n",
    "df2=pd.read_csv('S&P500.csv',usecols=['Adj Close','Date'],index_col=['Date'],parse_dates=True)\n",
    "df2.columns=['S&P500']\n",
    "df3=df1.join(df0)\n",
    "df1=df3.join(df2)\n",
    "df1.corr(method='pearson')"
   ]
  },
  {
   "cell_type": "code",
   "execution_count": null,
   "metadata": {},
   "outputs": [],
   "source": []
  },
  {
   "cell_type": "code",
   "execution_count": 3,
   "metadata": {},
   "outputs": [
    {
     "name": "stderr",
     "output_type": "stream",
     "text": [
      "C:\\Users\\mirza\\Anaconda3\\lib\\site-packages\\ipykernel_launcher.py:20: FutureWarning: Currently, 'apply' passes the values as ndarrays to the applied function. In the future, this will change to passing it as Series objects. You need to specify 'raw=True' to keep the current behaviour, and you can pass 'raw=False' to silence this warning\n"
     ]
    },
    {
     "data": {
      "text/html": [
       "<div>\n",
       "<style scoped>\n",
       "    .dataframe tbody tr th:only-of-type {\n",
       "        vertical-align: middle;\n",
       "    }\n",
       "\n",
       "    .dataframe tbody tr th {\n",
       "        vertical-align: top;\n",
       "    }\n",
       "\n",
       "    .dataframe thead th {\n",
       "        text-align: right;\n",
       "    }\n",
       "</style>\n",
       "<table border=\"1\" class=\"dataframe\">\n",
       "  <thead>\n",
       "    <tr style=\"text-align: right;\">\n",
       "      <th></th>\n",
       "      <th>f00</th>\n",
       "      <th>f01</th>\n",
       "      <th>f02</th>\n",
       "      <th>f03</th>\n",
       "      <th>f04</th>\n",
       "      <th>f05</th>\n",
       "      <th>f06</th>\n",
       "      <th>f07</th>\n",
       "      <th>f08</th>\n",
       "      <th>f09</th>\n",
       "      <th>f10</th>\n",
       "      <th>f11</th>\n",
       "      <th>f12</th>\n",
       "      <th>day</th>\n",
       "    </tr>\n",
       "  </thead>\n",
       "  <tbody>\n",
       "    <tr>\n",
       "      <th>f00</th>\n",
       "      <td>1.000000</td>\n",
       "      <td>0.752843</td>\n",
       "      <td>-0.638040</td>\n",
       "      <td>-0.000324</td>\n",
       "      <td>-0.009807</td>\n",
       "      <td>-0.028181</td>\n",
       "      <td>-0.143728</td>\n",
       "      <td>-0.053245</td>\n",
       "      <td>0.040508</td>\n",
       "      <td>1.000000</td>\n",
       "      <td>0.169909</td>\n",
       "      <td>-0.190067</td>\n",
       "      <td>0.001046</td>\n",
       "      <td>0.999183</td>\n",
       "    </tr>\n",
       "    <tr>\n",
       "      <th>f01</th>\n",
       "      <td>0.752843</td>\n",
       "      <td>1.000000</td>\n",
       "      <td>-0.889267</td>\n",
       "      <td>0.016699</td>\n",
       "      <td>-0.001920</td>\n",
       "      <td>-0.018585</td>\n",
       "      <td>0.158127</td>\n",
       "      <td>-0.043063</td>\n",
       "      <td>0.122901</td>\n",
       "      <td>0.752843</td>\n",
       "      <td>0.202635</td>\n",
       "      <td>-0.163185</td>\n",
       "      <td>0.000387</td>\n",
       "      <td>0.751973</td>\n",
       "    </tr>\n",
       "    <tr>\n",
       "      <th>f02</th>\n",
       "      <td>-0.638040</td>\n",
       "      <td>-0.889267</td>\n",
       "      <td>1.000000</td>\n",
       "      <td>-0.019226</td>\n",
       "      <td>0.008259</td>\n",
       "      <td>0.015800</td>\n",
       "      <td>-0.179994</td>\n",
       "      <td>0.046910</td>\n",
       "      <td>-0.124033</td>\n",
       "      <td>-0.638040</td>\n",
       "      <td>-0.193637</td>\n",
       "      <td>0.145697</td>\n",
       "      <td>0.001291</td>\n",
       "      <td>-0.639723</td>\n",
       "    </tr>\n",
       "    <tr>\n",
       "      <th>f03</th>\n",
       "      <td>-0.000324</td>\n",
       "      <td>0.016699</td>\n",
       "      <td>-0.019226</td>\n",
       "      <td>1.000000</td>\n",
       "      <td>0.337849</td>\n",
       "      <td>0.304072</td>\n",
       "      <td>-0.027813</td>\n",
       "      <td>0.430923</td>\n",
       "      <td>0.002545</td>\n",
       "      <td>-0.000324</td>\n",
       "      <td>0.000574</td>\n",
       "      <td>-0.001528</td>\n",
       "      <td>0.227361</td>\n",
       "      <td>-0.000107</td>\n",
       "    </tr>\n",
       "    <tr>\n",
       "      <th>f04</th>\n",
       "      <td>-0.009807</td>\n",
       "      <td>-0.001920</td>\n",
       "      <td>0.008259</td>\n",
       "      <td>0.337849</td>\n",
       "      <td>1.000000</td>\n",
       "      <td>0.136735</td>\n",
       "      <td>0.188769</td>\n",
       "      <td>0.616747</td>\n",
       "      <td>0.017333</td>\n",
       "      <td>-0.009807</td>\n",
       "      <td>0.040459</td>\n",
       "      <td>-0.037735</td>\n",
       "      <td>0.494207</td>\n",
       "      <td>-0.009759</td>\n",
       "    </tr>\n",
       "    <tr>\n",
       "      <th>f05</th>\n",
       "      <td>-0.028181</td>\n",
       "      <td>-0.018585</td>\n",
       "      <td>0.015800</td>\n",
       "      <td>0.304072</td>\n",
       "      <td>0.136735</td>\n",
       "      <td>1.000000</td>\n",
       "      <td>-0.022205</td>\n",
       "      <td>0.245816</td>\n",
       "      <td>-0.003723</td>\n",
       "      <td>-0.028181</td>\n",
       "      <td>-0.011831</td>\n",
       "      <td>0.010352</td>\n",
       "      <td>0.164822</td>\n",
       "      <td>-0.028051</td>\n",
       "    </tr>\n",
       "    <tr>\n",
       "      <th>f06</th>\n",
       "      <td>-0.143728</td>\n",
       "      <td>0.158127</td>\n",
       "      <td>-0.179994</td>\n",
       "      <td>-0.027813</td>\n",
       "      <td>0.188769</td>\n",
       "      <td>-0.022205</td>\n",
       "      <td>1.000000</td>\n",
       "      <td>0.299321</td>\n",
       "      <td>0.109841</td>\n",
       "      <td>-0.143728</td>\n",
       "      <td>0.231846</td>\n",
       "      <td>-0.270990</td>\n",
       "      <td>0.366160</td>\n",
       "      <td>-0.142124</td>\n",
       "    </tr>\n",
       "    <tr>\n",
       "      <th>f07</th>\n",
       "      <td>-0.053245</td>\n",
       "      <td>-0.043063</td>\n",
       "      <td>0.046910</td>\n",
       "      <td>0.430923</td>\n",
       "      <td>0.616747</td>\n",
       "      <td>0.245816</td>\n",
       "      <td>0.299321</td>\n",
       "      <td>1.000000</td>\n",
       "      <td>0.049433</td>\n",
       "      <td>-0.053245</td>\n",
       "      <td>0.045264</td>\n",
       "      <td>-0.053335</td>\n",
       "      <td>0.710499</td>\n",
       "      <td>-0.052303</td>\n",
       "    </tr>\n",
       "    <tr>\n",
       "      <th>f08</th>\n",
       "      <td>0.040508</td>\n",
       "      <td>0.122901</td>\n",
       "      <td>-0.124033</td>\n",
       "      <td>0.002545</td>\n",
       "      <td>0.017333</td>\n",
       "      <td>-0.003723</td>\n",
       "      <td>0.109841</td>\n",
       "      <td>0.049433</td>\n",
       "      <td>1.000000</td>\n",
       "      <td>0.040508</td>\n",
       "      <td>0.777776</td>\n",
       "      <td>-0.044177</td>\n",
       "      <td>0.038189</td>\n",
       "      <td>0.040611</td>\n",
       "    </tr>\n",
       "    <tr>\n",
       "      <th>f09</th>\n",
       "      <td>1.000000</td>\n",
       "      <td>0.752843</td>\n",
       "      <td>-0.638040</td>\n",
       "      <td>-0.000324</td>\n",
       "      <td>-0.009807</td>\n",
       "      <td>-0.028181</td>\n",
       "      <td>-0.143728</td>\n",
       "      <td>-0.053245</td>\n",
       "      <td>0.040508</td>\n",
       "      <td>1.000000</td>\n",
       "      <td>0.169909</td>\n",
       "      <td>-0.190067</td>\n",
       "      <td>0.001046</td>\n",
       "      <td>0.999183</td>\n",
       "    </tr>\n",
       "    <tr>\n",
       "      <th>f10</th>\n",
       "      <td>0.169909</td>\n",
       "      <td>0.202635</td>\n",
       "      <td>-0.193637</td>\n",
       "      <td>0.000574</td>\n",
       "      <td>0.040459</td>\n",
       "      <td>-0.011831</td>\n",
       "      <td>0.231846</td>\n",
       "      <td>0.045264</td>\n",
       "      <td>0.777776</td>\n",
       "      <td>0.169909</td>\n",
       "      <td>1.000000</td>\n",
       "      <td>-0.341279</td>\n",
       "      <td>0.083044</td>\n",
       "      <td>0.170234</td>\n",
       "    </tr>\n",
       "    <tr>\n",
       "      <th>f11</th>\n",
       "      <td>-0.190067</td>\n",
       "      <td>-0.163185</td>\n",
       "      <td>0.145697</td>\n",
       "      <td>-0.001528</td>\n",
       "      <td>-0.037735</td>\n",
       "      <td>0.010352</td>\n",
       "      <td>-0.270990</td>\n",
       "      <td>-0.053335</td>\n",
       "      <td>-0.044177</td>\n",
       "      <td>-0.190067</td>\n",
       "      <td>-0.341279</td>\n",
       "      <td>1.000000</td>\n",
       "      <td>-0.129371</td>\n",
       "      <td>-0.194158</td>\n",
       "    </tr>\n",
       "    <tr>\n",
       "      <th>f12</th>\n",
       "      <td>0.001046</td>\n",
       "      <td>0.000387</td>\n",
       "      <td>0.001291</td>\n",
       "      <td>0.227361</td>\n",
       "      <td>0.494207</td>\n",
       "      <td>0.164822</td>\n",
       "      <td>0.366160</td>\n",
       "      <td>0.710499</td>\n",
       "      <td>0.038189</td>\n",
       "      <td>0.001046</td>\n",
       "      <td>0.083044</td>\n",
       "      <td>-0.129371</td>\n",
       "      <td>1.000000</td>\n",
       "      <td>0.002633</td>\n",
       "    </tr>\n",
       "    <tr>\n",
       "      <th>day</th>\n",
       "      <td>0.999183</td>\n",
       "      <td>0.751973</td>\n",
       "      <td>-0.639723</td>\n",
       "      <td>-0.000107</td>\n",
       "      <td>-0.009759</td>\n",
       "      <td>-0.028051</td>\n",
       "      <td>-0.142124</td>\n",
       "      <td>-0.052303</td>\n",
       "      <td>0.040611</td>\n",
       "      <td>0.999183</td>\n",
       "      <td>0.170234</td>\n",
       "      <td>-0.194158</td>\n",
       "      <td>0.002633</td>\n",
       "      <td>1.000000</td>\n",
       "    </tr>\n",
       "  </tbody>\n",
       "</table>\n",
       "</div>"
      ],
      "text/plain": [
       "          f00       f01       f02       f03       f04       f05       f06  \\\n",
       "f00  1.000000  0.752843 -0.638040 -0.000324 -0.009807 -0.028181 -0.143728   \n",
       "f01  0.752843  1.000000 -0.889267  0.016699 -0.001920 -0.018585  0.158127   \n",
       "f02 -0.638040 -0.889267  1.000000 -0.019226  0.008259  0.015800 -0.179994   \n",
       "f03 -0.000324  0.016699 -0.019226  1.000000  0.337849  0.304072 -0.027813   \n",
       "f04 -0.009807 -0.001920  0.008259  0.337849  1.000000  0.136735  0.188769   \n",
       "f05 -0.028181 -0.018585  0.015800  0.304072  0.136735  1.000000 -0.022205   \n",
       "f06 -0.143728  0.158127 -0.179994 -0.027813  0.188769 -0.022205  1.000000   \n",
       "f07 -0.053245 -0.043063  0.046910  0.430923  0.616747  0.245816  0.299321   \n",
       "f08  0.040508  0.122901 -0.124033  0.002545  0.017333 -0.003723  0.109841   \n",
       "f09  1.000000  0.752843 -0.638040 -0.000324 -0.009807 -0.028181 -0.143728   \n",
       "f10  0.169909  0.202635 -0.193637  0.000574  0.040459 -0.011831  0.231846   \n",
       "f11 -0.190067 -0.163185  0.145697 -0.001528 -0.037735  0.010352 -0.270990   \n",
       "f12  0.001046  0.000387  0.001291  0.227361  0.494207  0.164822  0.366160   \n",
       "day  0.999183  0.751973 -0.639723 -0.000107 -0.009759 -0.028051 -0.142124   \n",
       "\n",
       "          f07       f08       f09       f10       f11       f12       day  \n",
       "f00 -0.053245  0.040508  1.000000  0.169909 -0.190067  0.001046  0.999183  \n",
       "f01 -0.043063  0.122901  0.752843  0.202635 -0.163185  0.000387  0.751973  \n",
       "f02  0.046910 -0.124033 -0.638040 -0.193637  0.145697  0.001291 -0.639723  \n",
       "f03  0.430923  0.002545 -0.000324  0.000574 -0.001528  0.227361 -0.000107  \n",
       "f04  0.616747  0.017333 -0.009807  0.040459 -0.037735  0.494207 -0.009759  \n",
       "f05  0.245816 -0.003723 -0.028181 -0.011831  0.010352  0.164822 -0.028051  \n",
       "f06  0.299321  0.109841 -0.143728  0.231846 -0.270990  0.366160 -0.142124  \n",
       "f07  1.000000  0.049433 -0.053245  0.045264 -0.053335  0.710499 -0.052303  \n",
       "f08  0.049433  1.000000  0.040508  0.777776 -0.044177  0.038189  0.040611  \n",
       "f09 -0.053245  0.040508  1.000000  0.169909 -0.190067  0.001046  0.999183  \n",
       "f10  0.045264  0.777776  0.169909  1.000000 -0.341279  0.083044  0.170234  \n",
       "f11 -0.053335 -0.044177 -0.190067 -0.341279  1.000000 -0.129371 -0.194158  \n",
       "f12  0.710499  0.038189  0.001046  0.083044 -0.129371  1.000000  0.002633  \n",
       "day -0.052303  0.040611  0.999183  0.170234 -0.194158  0.002633  1.000000  "
      ]
     },
     "execution_count": 3,
     "metadata": {},
     "output_type": "execute_result"
    }
   ],
   "source": [
    "import numpy as np\n",
    "features=pd.DataFrame(index=df1.index).sort_index()\n",
    "# Daily Return:\n",
    "features['f00']=df1.Close\n",
    "features['f01']=df1.Close/df1.Open-1\n",
    "features['f02']=df1.Open/df1.Close.shift(-1)-1\n",
    "features['f03']=df1.Volume.diff()\n",
    "features['f04']=df1.Volume.diff(50)\n",
    "features['f05']=df1.Volume.pct_change()\n",
    "features['f06']=df1.Volume.rolling(5).mean().apply(np.log)\n",
    "features['f07']=df1.Volume/df1.Volume.rolling(200).mean()-1\n",
    "features['f08']=df1.Close/df1.Close.ewm(span=50).mean()-1\n",
    "def z_score(x):\n",
    "    return (x-x.mean())/x.std()\n",
    "features['f09']=z_score(df1.Close)\n",
    "def z_scoreimp(x):\n",
    "    return (x-x.rolling(window=200,min_periods=20).mean())/x.rolling(window=200,min_periods=20).std()\n",
    "features['f10']=z_scoreimp(df1.Close)\n",
    "def rollrank(x):\n",
    "    return x.rolling(200,min_periods=20).apply(lambda x: pd.Series(x).rank(pct=True)[0])\n",
    "features['f11']=rollrank(df1.Close)\n",
    "features['f12']=features['f07'].dropna().rank(pct=True)\n",
    "features['day']=df1.Close.shift(-5)\n",
    "features.corr()\n",
    "\n",
    "\n",
    "\n"
   ]
  },
  {
   "cell_type": "code",
   "execution_count": 4,
   "metadata": {},
   "outputs": [
    {
     "data": {
      "text/html": [
       "<div>\n",
       "<style scoped>\n",
       "    .dataframe tbody tr th:only-of-type {\n",
       "        vertical-align: middle;\n",
       "    }\n",
       "\n",
       "    .dataframe tbody tr th {\n",
       "        vertical-align: top;\n",
       "    }\n",
       "\n",
       "    .dataframe thead th {\n",
       "        text-align: right;\n",
       "    }\n",
       "</style>\n",
       "<table border=\"1\" class=\"dataframe\">\n",
       "  <thead>\n",
       "    <tr style=\"text-align: right;\">\n",
       "      <th></th>\n",
       "      <th>f00</th>\n",
       "      <th>f01</th>\n",
       "      <th>f02</th>\n",
       "      <th>f03</th>\n",
       "      <th>f04</th>\n",
       "      <th>f05</th>\n",
       "      <th>f06</th>\n",
       "      <th>f07</th>\n",
       "      <th>f08</th>\n",
       "      <th>f09</th>\n",
       "      <th>f10</th>\n",
       "      <th>f11</th>\n",
       "      <th>f12</th>\n",
       "      <th>day</th>\n",
       "      <th>f13</th>\n",
       "      <th>rsi</th>\n",
       "      <th>f14</th>\n",
       "      <th>macd</th>\n",
       "      <th>dpo</th>\n",
       "    </tr>\n",
       "  </thead>\n",
       "  <tbody>\n",
       "    <tr>\n",
       "      <th>f00</th>\n",
       "      <td>1.000000</td>\n",
       "      <td>0.752843</td>\n",
       "      <td>-0.638040</td>\n",
       "      <td>-0.000324</td>\n",
       "      <td>-0.009807</td>\n",
       "      <td>-0.028181</td>\n",
       "      <td>-0.143728</td>\n",
       "      <td>-0.053245</td>\n",
       "      <td>0.040508</td>\n",
       "      <td>1.000000</td>\n",
       "      <td>0.169909</td>\n",
       "      <td>-0.190067</td>\n",
       "      <td>0.001046</td>\n",
       "      <td>0.999183</td>\n",
       "      <td>-0.007399</td>\n",
       "      <td>0.106100</td>\n",
       "      <td>-0.005634</td>\n",
       "      <td>0.253783</td>\n",
       "      <td>-0.052846</td>\n",
       "    </tr>\n",
       "    <tr>\n",
       "      <th>f01</th>\n",
       "      <td>0.752843</td>\n",
       "      <td>1.000000</td>\n",
       "      <td>-0.889267</td>\n",
       "      <td>0.016699</td>\n",
       "      <td>-0.001920</td>\n",
       "      <td>-0.018585</td>\n",
       "      <td>0.158127</td>\n",
       "      <td>-0.043063</td>\n",
       "      <td>0.122901</td>\n",
       "      <td>0.752843</td>\n",
       "      <td>0.202635</td>\n",
       "      <td>-0.163185</td>\n",
       "      <td>0.000387</td>\n",
       "      <td>0.751973</td>\n",
       "      <td>0.076119</td>\n",
       "      <td>0.223616</td>\n",
       "      <td>0.062739</td>\n",
       "      <td>0.164569</td>\n",
       "      <td>-0.057354</td>\n",
       "    </tr>\n",
       "    <tr>\n",
       "      <th>f02</th>\n",
       "      <td>-0.638040</td>\n",
       "      <td>-0.889267</td>\n",
       "      <td>1.000000</td>\n",
       "      <td>-0.019226</td>\n",
       "      <td>0.008259</td>\n",
       "      <td>0.015800</td>\n",
       "      <td>-0.179994</td>\n",
       "      <td>0.046910</td>\n",
       "      <td>-0.124033</td>\n",
       "      <td>-0.638040</td>\n",
       "      <td>-0.193637</td>\n",
       "      <td>0.145697</td>\n",
       "      <td>0.001291</td>\n",
       "      <td>-0.639723</td>\n",
       "      <td>-0.079478</td>\n",
       "      <td>-0.211913</td>\n",
       "      <td>-0.065489</td>\n",
       "      <td>-0.144377</td>\n",
       "      <td>0.045408</td>\n",
       "    </tr>\n",
       "    <tr>\n",
       "      <th>f03</th>\n",
       "      <td>-0.000324</td>\n",
       "      <td>0.016699</td>\n",
       "      <td>-0.019226</td>\n",
       "      <td>1.000000</td>\n",
       "      <td>0.337849</td>\n",
       "      <td>0.304072</td>\n",
       "      <td>-0.027813</td>\n",
       "      <td>0.430923</td>\n",
       "      <td>0.002545</td>\n",
       "      <td>-0.000324</td>\n",
       "      <td>0.000574</td>\n",
       "      <td>-0.001528</td>\n",
       "      <td>0.227361</td>\n",
       "      <td>-0.000107</td>\n",
       "      <td>0.002275</td>\n",
       "      <td>-0.002927</td>\n",
       "      <td>0.001404</td>\n",
       "      <td>0.003052</td>\n",
       "      <td>-0.004970</td>\n",
       "    </tr>\n",
       "    <tr>\n",
       "      <th>f04</th>\n",
       "      <td>-0.009807</td>\n",
       "      <td>-0.001920</td>\n",
       "      <td>0.008259</td>\n",
       "      <td>0.337849</td>\n",
       "      <td>1.000000</td>\n",
       "      <td>0.136735</td>\n",
       "      <td>0.188769</td>\n",
       "      <td>0.616747</td>\n",
       "      <td>0.017333</td>\n",
       "      <td>-0.009807</td>\n",
       "      <td>0.040459</td>\n",
       "      <td>-0.037735</td>\n",
       "      <td>0.494207</td>\n",
       "      <td>-0.009759</td>\n",
       "      <td>-0.002950</td>\n",
       "      <td>-0.004517</td>\n",
       "      <td>-0.015752</td>\n",
       "      <td>-0.023035</td>\n",
       "      <td>0.018587</td>\n",
       "    </tr>\n",
       "    <tr>\n",
       "      <th>f05</th>\n",
       "      <td>-0.028181</td>\n",
       "      <td>-0.018585</td>\n",
       "      <td>0.015800</td>\n",
       "      <td>0.304072</td>\n",
       "      <td>0.136735</td>\n",
       "      <td>1.000000</td>\n",
       "      <td>-0.022205</td>\n",
       "      <td>0.245816</td>\n",
       "      <td>-0.003723</td>\n",
       "      <td>-0.028181</td>\n",
       "      <td>-0.011831</td>\n",
       "      <td>0.010352</td>\n",
       "      <td>0.164822</td>\n",
       "      <td>-0.028051</td>\n",
       "      <td>0.002181</td>\n",
       "      <td>-0.004831</td>\n",
       "      <td>0.002539</td>\n",
       "      <td>-0.006348</td>\n",
       "      <td>-0.002030</td>\n",
       "    </tr>\n",
       "    <tr>\n",
       "      <th>f06</th>\n",
       "      <td>-0.143728</td>\n",
       "      <td>0.158127</td>\n",
       "      <td>-0.179994</td>\n",
       "      <td>-0.027813</td>\n",
       "      <td>0.188769</td>\n",
       "      <td>-0.022205</td>\n",
       "      <td>1.000000</td>\n",
       "      <td>0.299321</td>\n",
       "      <td>0.109841</td>\n",
       "      <td>-0.143728</td>\n",
       "      <td>0.231846</td>\n",
       "      <td>-0.270990</td>\n",
       "      <td>0.366160</td>\n",
       "      <td>-0.142124</td>\n",
       "      <td>0.059662</td>\n",
       "      <td>0.083596</td>\n",
       "      <td>-0.044450</td>\n",
       "      <td>-0.077391</td>\n",
       "      <td>0.000630</td>\n",
       "    </tr>\n",
       "    <tr>\n",
       "      <th>f07</th>\n",
       "      <td>-0.053245</td>\n",
       "      <td>-0.043063</td>\n",
       "      <td>0.046910</td>\n",
       "      <td>0.430923</td>\n",
       "      <td>0.616747</td>\n",
       "      <td>0.245816</td>\n",
       "      <td>0.299321</td>\n",
       "      <td>1.000000</td>\n",
       "      <td>0.049433</td>\n",
       "      <td>-0.053245</td>\n",
       "      <td>0.045264</td>\n",
       "      <td>-0.053335</td>\n",
       "      <td>0.710499</td>\n",
       "      <td>-0.052303</td>\n",
       "      <td>0.024206</td>\n",
       "      <td>0.012868</td>\n",
       "      <td>0.005910</td>\n",
       "      <td>-0.070410</td>\n",
       "      <td>0.029145</td>\n",
       "    </tr>\n",
       "    <tr>\n",
       "      <th>f08</th>\n",
       "      <td>0.040508</td>\n",
       "      <td>0.122901</td>\n",
       "      <td>-0.124033</td>\n",
       "      <td>0.002545</td>\n",
       "      <td>0.017333</td>\n",
       "      <td>-0.003723</td>\n",
       "      <td>0.109841</td>\n",
       "      <td>0.049433</td>\n",
       "      <td>1.000000</td>\n",
       "      <td>0.040508</td>\n",
       "      <td>0.777776</td>\n",
       "      <td>-0.044177</td>\n",
       "      <td>0.038189</td>\n",
       "      <td>0.040611</td>\n",
       "      <td>0.638269</td>\n",
       "      <td>0.757052</td>\n",
       "      <td>0.553644</td>\n",
       "      <td>0.301462</td>\n",
       "      <td>-0.071959</td>\n",
       "    </tr>\n",
       "    <tr>\n",
       "      <th>f09</th>\n",
       "      <td>1.000000</td>\n",
       "      <td>0.752843</td>\n",
       "      <td>-0.638040</td>\n",
       "      <td>-0.000324</td>\n",
       "      <td>-0.009807</td>\n",
       "      <td>-0.028181</td>\n",
       "      <td>-0.143728</td>\n",
       "      <td>-0.053245</td>\n",
       "      <td>0.040508</td>\n",
       "      <td>1.000000</td>\n",
       "      <td>0.169909</td>\n",
       "      <td>-0.190067</td>\n",
       "      <td>0.001046</td>\n",
       "      <td>0.999183</td>\n",
       "      <td>-0.007399</td>\n",
       "      <td>0.106100</td>\n",
       "      <td>-0.005634</td>\n",
       "      <td>0.253783</td>\n",
       "      <td>-0.052846</td>\n",
       "    </tr>\n",
       "    <tr>\n",
       "      <th>f10</th>\n",
       "      <td>0.169909</td>\n",
       "      <td>0.202635</td>\n",
       "      <td>-0.193637</td>\n",
       "      <td>0.000574</td>\n",
       "      <td>0.040459</td>\n",
       "      <td>-0.011831</td>\n",
       "      <td>0.231846</td>\n",
       "      <td>0.045264</td>\n",
       "      <td>0.777776</td>\n",
       "      <td>0.169909</td>\n",
       "      <td>1.000000</td>\n",
       "      <td>-0.341279</td>\n",
       "      <td>0.083044</td>\n",
       "      <td>0.170234</td>\n",
       "      <td>0.429215</td>\n",
       "      <td>0.540441</td>\n",
       "      <td>0.264258</td>\n",
       "      <td>0.355949</td>\n",
       "      <td>-0.088655</td>\n",
       "    </tr>\n",
       "    <tr>\n",
       "      <th>f11</th>\n",
       "      <td>-0.190067</td>\n",
       "      <td>-0.163185</td>\n",
       "      <td>0.145697</td>\n",
       "      <td>-0.001528</td>\n",
       "      <td>-0.037735</td>\n",
       "      <td>0.010352</td>\n",
       "      <td>-0.270990</td>\n",
       "      <td>-0.053335</td>\n",
       "      <td>-0.044177</td>\n",
       "      <td>-0.190067</td>\n",
       "      <td>-0.341279</td>\n",
       "      <td>1.000000</td>\n",
       "      <td>-0.129371</td>\n",
       "      <td>-0.194158</td>\n",
       "      <td>-0.002195</td>\n",
       "      <td>-0.045043</td>\n",
       "      <td>0.171532</td>\n",
       "      <td>-0.060723</td>\n",
       "      <td>-0.002237</td>\n",
       "    </tr>\n",
       "    <tr>\n",
       "      <th>f12</th>\n",
       "      <td>0.001046</td>\n",
       "      <td>0.000387</td>\n",
       "      <td>0.001291</td>\n",
       "      <td>0.227361</td>\n",
       "      <td>0.494207</td>\n",
       "      <td>0.164822</td>\n",
       "      <td>0.366160</td>\n",
       "      <td>0.710499</td>\n",
       "      <td>0.038189</td>\n",
       "      <td>0.001046</td>\n",
       "      <td>0.083044</td>\n",
       "      <td>-0.129371</td>\n",
       "      <td>1.000000</td>\n",
       "      <td>0.002633</td>\n",
       "      <td>0.004495</td>\n",
       "      <td>0.006774</td>\n",
       "      <td>-0.024205</td>\n",
       "      <td>-0.094475</td>\n",
       "      <td>0.033933</td>\n",
       "    </tr>\n",
       "    <tr>\n",
       "      <th>day</th>\n",
       "      <td>0.999183</td>\n",
       "      <td>0.751973</td>\n",
       "      <td>-0.639723</td>\n",
       "      <td>-0.000107</td>\n",
       "      <td>-0.009759</td>\n",
       "      <td>-0.028051</td>\n",
       "      <td>-0.142124</td>\n",
       "      <td>-0.052303</td>\n",
       "      <td>0.040611</td>\n",
       "      <td>0.999183</td>\n",
       "      <td>0.170234</td>\n",
       "      <td>-0.194158</td>\n",
       "      <td>0.002633</td>\n",
       "      <td>1.000000</td>\n",
       "      <td>-0.006730</td>\n",
       "      <td>0.106646</td>\n",
       "      <td>-0.005149</td>\n",
       "      <td>0.252495</td>\n",
       "      <td>-0.053602</td>\n",
       "    </tr>\n",
       "    <tr>\n",
       "      <th>f13</th>\n",
       "      <td>-0.007399</td>\n",
       "      <td>0.076119</td>\n",
       "      <td>-0.079478</td>\n",
       "      <td>0.002275</td>\n",
       "      <td>-0.002950</td>\n",
       "      <td>0.002181</td>\n",
       "      <td>0.059662</td>\n",
       "      <td>0.024206</td>\n",
       "      <td>0.638269</td>\n",
       "      <td>-0.007399</td>\n",
       "      <td>0.429215</td>\n",
       "      <td>-0.002195</td>\n",
       "      <td>0.004495</td>\n",
       "      <td>-0.006730</td>\n",
       "      <td>1.000000</td>\n",
       "      <td>0.748535</td>\n",
       "      <td>0.954550</td>\n",
       "      <td>0.297211</td>\n",
       "      <td>-0.188656</td>\n",
       "    </tr>\n",
       "    <tr>\n",
       "      <th>rsi</th>\n",
       "      <td>0.106100</td>\n",
       "      <td>0.223616</td>\n",
       "      <td>-0.211913</td>\n",
       "      <td>-0.002927</td>\n",
       "      <td>-0.004517</td>\n",
       "      <td>-0.004831</td>\n",
       "      <td>0.083596</td>\n",
       "      <td>0.012868</td>\n",
       "      <td>0.757052</td>\n",
       "      <td>0.106100</td>\n",
       "      <td>0.540441</td>\n",
       "      <td>-0.045043</td>\n",
       "      <td>0.006774</td>\n",
       "      <td>0.106646</td>\n",
       "      <td>0.748535</td>\n",
       "      <td>1.000000</td>\n",
       "      <td>0.711620</td>\n",
       "      <td>0.360835</td>\n",
       "      <td>-0.219297</td>\n",
       "    </tr>\n",
       "    <tr>\n",
       "      <th>f14</th>\n",
       "      <td>-0.005634</td>\n",
       "      <td>0.062739</td>\n",
       "      <td>-0.065489</td>\n",
       "      <td>0.001404</td>\n",
       "      <td>-0.015752</td>\n",
       "      <td>0.002539</td>\n",
       "      <td>-0.044450</td>\n",
       "      <td>0.005910</td>\n",
       "      <td>0.553644</td>\n",
       "      <td>-0.005634</td>\n",
       "      <td>0.264258</td>\n",
       "      <td>0.171532</td>\n",
       "      <td>-0.024205</td>\n",
       "      <td>-0.005149</td>\n",
       "      <td>0.954550</td>\n",
       "      <td>0.711620</td>\n",
       "      <td>1.000000</td>\n",
       "      <td>0.263276</td>\n",
       "      <td>-0.182496</td>\n",
       "    </tr>\n",
       "    <tr>\n",
       "      <th>macd</th>\n",
       "      <td>0.253783</td>\n",
       "      <td>0.164569</td>\n",
       "      <td>-0.144377</td>\n",
       "      <td>0.003052</td>\n",
       "      <td>-0.023035</td>\n",
       "      <td>-0.006348</td>\n",
       "      <td>-0.077391</td>\n",
       "      <td>-0.070410</td>\n",
       "      <td>0.301462</td>\n",
       "      <td>0.253783</td>\n",
       "      <td>0.355949</td>\n",
       "      <td>-0.060723</td>\n",
       "      <td>-0.094475</td>\n",
       "      <td>0.252495</td>\n",
       "      <td>0.297211</td>\n",
       "      <td>0.360835</td>\n",
       "      <td>0.263276</td>\n",
       "      <td>1.000000</td>\n",
       "      <td>-0.283352</td>\n",
       "    </tr>\n",
       "    <tr>\n",
       "      <th>dpo</th>\n",
       "      <td>-0.052846</td>\n",
       "      <td>-0.057354</td>\n",
       "      <td>0.045408</td>\n",
       "      <td>-0.004970</td>\n",
       "      <td>0.018587</td>\n",
       "      <td>-0.002030</td>\n",
       "      <td>0.000630</td>\n",
       "      <td>0.029145</td>\n",
       "      <td>-0.071959</td>\n",
       "      <td>-0.052846</td>\n",
       "      <td>-0.088655</td>\n",
       "      <td>-0.002237</td>\n",
       "      <td>0.033933</td>\n",
       "      <td>-0.053602</td>\n",
       "      <td>-0.188656</td>\n",
       "      <td>-0.219297</td>\n",
       "      <td>-0.182496</td>\n",
       "      <td>-0.283352</td>\n",
       "      <td>1.000000</td>\n",
       "    </tr>\n",
       "  </tbody>\n",
       "</table>\n",
       "</div>"
      ],
      "text/plain": [
       "           f00       f01       f02       f03       f04       f05       f06  \\\n",
       "f00   1.000000  0.752843 -0.638040 -0.000324 -0.009807 -0.028181 -0.143728   \n",
       "f01   0.752843  1.000000 -0.889267  0.016699 -0.001920 -0.018585  0.158127   \n",
       "f02  -0.638040 -0.889267  1.000000 -0.019226  0.008259  0.015800 -0.179994   \n",
       "f03  -0.000324  0.016699 -0.019226  1.000000  0.337849  0.304072 -0.027813   \n",
       "f04  -0.009807 -0.001920  0.008259  0.337849  1.000000  0.136735  0.188769   \n",
       "f05  -0.028181 -0.018585  0.015800  0.304072  0.136735  1.000000 -0.022205   \n",
       "f06  -0.143728  0.158127 -0.179994 -0.027813  0.188769 -0.022205  1.000000   \n",
       "f07  -0.053245 -0.043063  0.046910  0.430923  0.616747  0.245816  0.299321   \n",
       "f08   0.040508  0.122901 -0.124033  0.002545  0.017333 -0.003723  0.109841   \n",
       "f09   1.000000  0.752843 -0.638040 -0.000324 -0.009807 -0.028181 -0.143728   \n",
       "f10   0.169909  0.202635 -0.193637  0.000574  0.040459 -0.011831  0.231846   \n",
       "f11  -0.190067 -0.163185  0.145697 -0.001528 -0.037735  0.010352 -0.270990   \n",
       "f12   0.001046  0.000387  0.001291  0.227361  0.494207  0.164822  0.366160   \n",
       "day   0.999183  0.751973 -0.639723 -0.000107 -0.009759 -0.028051 -0.142124   \n",
       "f13  -0.007399  0.076119 -0.079478  0.002275 -0.002950  0.002181  0.059662   \n",
       "rsi   0.106100  0.223616 -0.211913 -0.002927 -0.004517 -0.004831  0.083596   \n",
       "f14  -0.005634  0.062739 -0.065489  0.001404 -0.015752  0.002539 -0.044450   \n",
       "macd  0.253783  0.164569 -0.144377  0.003052 -0.023035 -0.006348 -0.077391   \n",
       "dpo  -0.052846 -0.057354  0.045408 -0.004970  0.018587 -0.002030  0.000630   \n",
       "\n",
       "           f07       f08       f09       f10       f11       f12       day  \\\n",
       "f00  -0.053245  0.040508  1.000000  0.169909 -0.190067  0.001046  0.999183   \n",
       "f01  -0.043063  0.122901  0.752843  0.202635 -0.163185  0.000387  0.751973   \n",
       "f02   0.046910 -0.124033 -0.638040 -0.193637  0.145697  0.001291 -0.639723   \n",
       "f03   0.430923  0.002545 -0.000324  0.000574 -0.001528  0.227361 -0.000107   \n",
       "f04   0.616747  0.017333 -0.009807  0.040459 -0.037735  0.494207 -0.009759   \n",
       "f05   0.245816 -0.003723 -0.028181 -0.011831  0.010352  0.164822 -0.028051   \n",
       "f06   0.299321  0.109841 -0.143728  0.231846 -0.270990  0.366160 -0.142124   \n",
       "f07   1.000000  0.049433 -0.053245  0.045264 -0.053335  0.710499 -0.052303   \n",
       "f08   0.049433  1.000000  0.040508  0.777776 -0.044177  0.038189  0.040611   \n",
       "f09  -0.053245  0.040508  1.000000  0.169909 -0.190067  0.001046  0.999183   \n",
       "f10   0.045264  0.777776  0.169909  1.000000 -0.341279  0.083044  0.170234   \n",
       "f11  -0.053335 -0.044177 -0.190067 -0.341279  1.000000 -0.129371 -0.194158   \n",
       "f12   0.710499  0.038189  0.001046  0.083044 -0.129371  1.000000  0.002633   \n",
       "day  -0.052303  0.040611  0.999183  0.170234 -0.194158  0.002633  1.000000   \n",
       "f13   0.024206  0.638269 -0.007399  0.429215 -0.002195  0.004495 -0.006730   \n",
       "rsi   0.012868  0.757052  0.106100  0.540441 -0.045043  0.006774  0.106646   \n",
       "f14   0.005910  0.553644 -0.005634  0.264258  0.171532 -0.024205 -0.005149   \n",
       "macd -0.070410  0.301462  0.253783  0.355949 -0.060723 -0.094475  0.252495   \n",
       "dpo   0.029145 -0.071959 -0.052846 -0.088655 -0.002237  0.033933 -0.053602   \n",
       "\n",
       "           f13       rsi       f14      macd       dpo  \n",
       "f00  -0.007399  0.106100 -0.005634  0.253783 -0.052846  \n",
       "f01   0.076119  0.223616  0.062739  0.164569 -0.057354  \n",
       "f02  -0.079478 -0.211913 -0.065489 -0.144377  0.045408  \n",
       "f03   0.002275 -0.002927  0.001404  0.003052 -0.004970  \n",
       "f04  -0.002950 -0.004517 -0.015752 -0.023035  0.018587  \n",
       "f05   0.002181 -0.004831  0.002539 -0.006348 -0.002030  \n",
       "f06   0.059662  0.083596 -0.044450 -0.077391  0.000630  \n",
       "f07   0.024206  0.012868  0.005910 -0.070410  0.029145  \n",
       "f08   0.638269  0.757052  0.553644  0.301462 -0.071959  \n",
       "f09  -0.007399  0.106100 -0.005634  0.253783 -0.052846  \n",
       "f10   0.429215  0.540441  0.264258  0.355949 -0.088655  \n",
       "f11  -0.002195 -0.045043  0.171532 -0.060723 -0.002237  \n",
       "f12   0.004495  0.006774 -0.024205 -0.094475  0.033933  \n",
       "day  -0.006730  0.106646 -0.005149  0.252495 -0.053602  \n",
       "f13   1.000000  0.748535  0.954550  0.297211 -0.188656  \n",
       "rsi   0.748535  1.000000  0.711620  0.360835 -0.219297  \n",
       "f14   0.954550  0.711620  1.000000  0.263276 -0.182496  \n",
       "macd  0.297211  0.360835  0.263276  1.000000 -0.283352  \n",
       "dpo  -0.188656 -0.219297 -0.182496 -0.283352  1.000000  "
      ]
     },
     "execution_count": 4,
     "metadata": {},
     "output_type": "execute_result"
    }
   ],
   "source": [
    "import sklearn\n",
